##################################################
#area [0, MAX_X] x [0, MAX_Y]
1000	1000
#number of points NUM_PT
1000
#coordinates
897	802
765	992
1	521
220	380
729	969
184	887
104	641
909	378
724	582
387	583
241	294
159	198
653	369
418	692
36	901
516	623
703	971
304	394
491	525
464	219
183	648
796	287
979	395
356	702
667	743
976	908
728	134
106	380
193	214
71	920
114	587
543	817
248	537
901	739
752	364
649	626
702	444
913	681
529	959
72	196
392	738
103	119
872	900
189	65
113	260
985	228
537	217
735	785
445	636
214	196
690	553
822	392
687	425
763	216
73	525
412	155
263	205
965	825
105	153
580	218
103	255
136	641
472	872
115	607
197	19
494	577
572	5
659	259
120	421
165	194
637	577
39	900
472	4
724	577
157	304
486	261
249	312
592	411
874	397
18	70
417	512
338	679
517	997
938	328
418	793
522	745
59	561
644	532
255	57
108	413
51	284
364	300
597	646
712	470
42	730
231	459
932	569
829	138
565	766
466	673
559	678
417	618
930	751
840	184
809	639
287	550
923	341
851	209
987	252
370	29
672	601
178	603
860	6
431	114
463	588
788	712
956	895
19	575
336	860
760	835
498	737
384	110
78	925
320	755
176	690
784	848
981	653
140	840
659	262
954	812
850	431
523	495
16	233
70	352
92	520
877	280
256	260
390	24
185	400
780	51
89	253
900	760
906	730
599	565
992	243
66	531
364	590
26	380
823	787
422	605
306	298
885	562
249	965
277	124
365	56
175	144
309	765
595	215
495	884
470	176
126	536
398	181
816	114
251	328
901	674
933	206
662	507
458	601
162	735
725	217
481	591
51	791
355	646
696	540
530	165
717	346
391	114
527	898
228	779
225	819
142	849
24	494
45	172
95	207
908	510
424	78
100	166
869	456
812	254
996	341
109	402
688	501
206	905
398	124
373	313
943	515
161	657
700	898
830	795
104	427
995	219
505	95
385	64
241	196
318	927
228	428
329	606
619	535
200	707
660	574
19	292
88	872
950	788
769	779
272	563
896	267
782	400
52	857
154	293
744	473
219	972
591	238
267	209
464	467
916	814
40	625
105	820
496	54
297	264
523	570
828	418
527	299
509	269
156	663
562	900
826	471
561	416
710	828
315	864
985	230
677	25
856	782
535	41
527	832
306	49
91	824
158	618
122	357
887	969
710	138
868	536
610	118
642	9
946	958
873	931
878	549
646	733
20	180
775	547
11	771
287	103
594	135
411	406
492	989
375	201
817	933
427	116
51	69
125	687
717	688
307	594
927	643
17	638
823	482
184	525
943	161
318	226
296	419
632	478
97	697
370	915
320	797
30	371
556	847
748	272
224	746
557	151
388	264
789	211
746	663
426	688
825	744
914	811
853	235
980	951
933	349
865	252
836	585
313	392
431	751
354	656
496	601
497	885
865	976
786	300
638	211
678	152
645	281
654	187
517	633
137	139
672	692
81	507
968	84
589	398
835	944
744	331
234	931
906	99
906	691
89	234
592	768
386	927
48	730
113	255
362	942
394	33
323	165
231	290
249	820
379	775
763	813
796	688
744	701
787	339
81	566
573	363
333	650
980	382
379	783
327	432
724	722
155	47
577	386
27	827
206	406
601	659
219	86
346	963
787	823
301	558
389	565
921	412
214	590
484	283
372	812
715	787
533	871
524	109
947	551
626	843
958	917
502	176
2	538
829	479
51	820
36	130
384	647
542	288
236	26
572	609
838	977
395	60
537	919
860	484
159	486
326	116
92	518
983	95
747	501
264	798
321	301
928	395
948	469
374	875
185	636
173	22
612	568
82	149
176	633
323	335
118	339
142	901
858	124
686	604
626	951
91	637
251	709
722	889
177	95
453	363
731	626
75	33
193	849
182	59
481	505
395	289
844	537
189	391
351	876
685	667
826	466
994	767
174	716
345	352
501	799
405	923
424	480
956	308
18	828
367	499
22	452
788	556
679	978
638	30
543	322
697	368
789	691
825	653
96	169
4	287
968	99
209	392
270	855
700	288
682	757
788	394
209	265
951	888
242	588
918	785
600	305
843	78
686	667
732	472
837	426
759	494
216	969
886	486
513	275
464	886
32	942
279	932
207	920
819	449
197	427
925	798
422	457
566	107
124	988
579	651
414	337
144	320
996	721
806	509
686	960
394	408
902	363
339	108
283	849
247	480
275	862
968	697
319	224
494	133
211	763
784	315
99	618
635	786
28	130
985	715
90	68
122	992
431	152
99	404
0	36
575	275
899	542
662	217
456	846
350	668
608	824
673	707
131	308
182	160
438	166
565	218
234	377
209	356
529	999
760	529
35	334
494	624
567	846
841	22
691	881
380	298
394	53
696	215
51	878
375	489
735	630
398	659
7	607
14	536
296	465
756	21
799	249
645	365
786	485
78	476
55	458
775	449
511	160
354	252
37	730
432	462
49	830
121	56
126	826
283	422
290	38
443	780
978	87
835	763
262	913
930	317
371	394
456	572
554	811
825	281
230	256
744	970
776	555
26	902
380	1000
324	361
37	457
140	705
545	975
158	497
578	87
505	949
171	651
210	725
151	725
5	71
671	749
41	446
994	67
38	374
66	362
425	794
509	565
188	744
229	346
241	807
123	746
445	294
86	346
709	238
70	715
309	432
153	350
568	147
107	606
211	173
658	636
657	167
891	846
911	810
882	842
617	696
277	752
680	364
97	389
602	859
794	601
290	947
952	548
784	58
154	995
923	502
320	579
359	901
424	270
711	997
802	17
692	79
769	371
443	867
760	735
725	553
335	705
190	977
252	974
35	96
659	648
599	669
226	648
570	341
918	971
337	410
988	719
489	446
89	622
312	540
46	727
783	381
431	663
48	374
327	774
470	986
421	759
654	647
407	914
678	14
574	705
424	561
423	603
7	203
224	9
743	270
737	215
342	858
569	80
231	896
854	392
881	274
150	224
611	247
829	289
953	402
994	376
654	417
670	351
310	584
360	743
545	787
958	887
645	526
657	876
421	510
267	992
784	108
907	84
355	735
373	307
136	57
374	480
164	43
831	474
317	191
216	862
668	864
438	312
80	94
188	501
604	145
183	77
253	89
162	299
824	225
296	650
282	360
130	136
93	651
610	411
842	516
272	200
380	711
512	460
805	390
651	99
536	524
176	479
613	28
468	126
254	765
777	226
124	597
363	218
247	663
629	780
870	901
980	249
301	491
399	106
572	740
205	107
264	71
276	877
791	745
3	44
509	470
961	323
66	13
541	3
367	860
783	236
451	762
175	752
944	574
858	515
313	753
312	577
515	588
454	305
22	147
39	221
617	1000
545	373
704	776
376	70
326	850
997	777
611	171
528	244
745	76
449	748
519	451
15	33
730	159
338	752
306	377
974	613
67	208
986	461
984	51
221	309
901	217
776	202
388	304
136	823
70	586
260	589
36	275
623	766
434	651
208	430
28	181
42	786
389	718
246	62
770	467
62	670
684	838
562	762
832	699
274	902
284	224
181	10
500	804
467	624
454	675
54	172
546	96
958	625
505	203
687	274
360	439
634	734
968	887
495	799
585	459
391	559
684	572
569	874
375	726
187	519
400	241
382	636
28	339
260	533
233	638
497	283
76	821
17	43
707	512
533	291
662	924
540	35
185	800
599	250
525	786
769	616
27	150
251	746
180	512
969	103
149	465
386	916
976	403
960	683
606	182
664	958
796	204
993	981
3	591
230	218
66	689
834	784
840	85
529	710
597	497
503	746
652	889
661	318
983	310
691	278
182	354
235	978
248	227
958	942
508	187
160	264
877	994
48	406
78	577
806	365
765	308
801	106
887	152
114	869
462	805
146	335
850	71
312	97
989	961
730	496
838	890
761	404
573	499
810	342
766	305
707	530
303	508
327	190
660	441
749	812
937	586
837	786
657	149
573	646
800	302
832	637
882	282
41	455
781	541
487	547
537	884
767	840
391	784
29	741
225	779
243	161
54	770
637	711
609	209
46	408
512	879
45	393
851	777
538	632
317	24
869	854
909	635
384	990
419	413
421	334
882	354
185	936
123	822
337	733
30	383
831	232
952	876
316	803
342	854
124	350
569	993
894	167
317	277
847	426
691	267
450	262
311	635
889	125
146	916
548	868
989	378
99	941
945	415
433	286
960	557
636	528
239	530
695	246
807	541
673	187
499	122
140	500
448	28
625	594
634	172
151	622
551	251
252	185
356	685
471	315
932	107
533	861
327	227
107	133
459	780
11	648
592	151
147	39
870	463
324	503
325	475
124	876
416	377
751	463
752	222
778	684
19	311
544	346
228	341
169	377
120	180
24	403
21	863
442	891
325	456
83	650
622	208
216	728
275	967
190	717
879	969
90	898
970	325
243	197
666	413
265	477
283	289
880	305
842	11
195	857
468	279
507	780
177	413
507	142
69	388
859	949
46	640
846	15
965	780
903	630
192	858
106	475
147	986
780	679
998	666
536	155
635	733
625	812
145	822
644	905
209	192
853	255
832	389
961	796
168	554
426	360
411	222
525	248
208	996
928	896
661	153
741	295
886	365
797	30
186	130
935	86
322	478
31	154
867	683
950	34
#end of instance
